20642 NST
20965 01.02 0001
20965 02.02 0002
21359 01.02 0001
21359 02.02 0002
21670 01.02 0001
21670 02.02 0002
21861 01.02 0001
21861 02.02 0002
22766 NST
23038 NST
23181 01.02 0001
23181 02.02 0002
23307 01.02 0001
23307 02.02 0002
23313 NAV
03082 01.02 0002
03082 02.02 0003
03170 01.02 0002
03170 02.02 0003
03207 01.02 0002
03207 02.02 0003
03253 01.02 0002
03253 02.02 0003
03278 01.02 0002
03278 02.02 0003
03359 01.02 0002
03359 02.02 0003
03389 01.02 0002
03389 02.02 0003
03418 01.02 0002
03418 02.02 0003
03424 NAV
03430 NAV
03517 01.02 0002
03517 02.02 0003
03522 NAV
03556 01.02 0002
03556 02.02 0003
03560 NAV
03563 NAV
03687 01.02 0002
03687 02.02 0003
04041 01.02 0002
04041 02.02 0003
04048 NAV
04156 01.02 0002
04156 02.02 0003
04160 NAV
04167 NAV
04171 NAV
04174 NAV
04224 01.02 0002
04224 02.02 0003
04230 NAV
04233 NAV
04237 NAV
04241 NAV
04245 NAV
04249 NAV
04336 01.02 0002
04336 02.02 0003
04339 NAV
04342 NAV
04345 NAV
04348 NAV
04352 NAV
04405 01.02 0002
04405 02.02 0003
04486 01.02 0002
04486 02.02 0003
04564 01.02 0002
04564 02.02 0003
04617 01.02 0002
04617 02.02 0003
04708 01.02 0002
04708 02.02 0003
04794 01.02 0002
04794 02.02 0003
04839 01.02 0002
04839 02.02 0003
04969 01.02 0002
04969 02.02 0003
05495 01.02 0002
05495 02.02 0003
05502 NAV
05505 NAV
05513 NAV
05516 NAV
05520 NAV
05523 NAV
05526 NAV
05530 NAV
05533 NAV
05536 NAV
05539 NAV
05542 NAV
05545 NAV
05550 NAV
05554 NAV
05557 NAV
05562 NAV
05576 01.02 0006
05576 02.02 0007
05713 01.02 0006
05713 02.02 0007
05725 NAV
05734 NAV
05757 MAX
05765 MAX
05772 MAX
05778 MAX
05780 NAV
04025 MAX
04032 MAX
04041 MAX
04047 MAX
04050 NAV
04082 MAX
04088 MAX
04094 MAX
04107 MAX
04109 NAV
04128 MAX
04138 MAX
04144 MAX
04153 MAX
04155 NAV
