01-OPEN
02-OPEN
03-OPEN
04-OPEN
05-OPEN
12825-4: 1 2 3 100 101 -0001 0002 0003 0100 
12830-4: 4 5 101 6 7 -0004 0005 0101 0006 
12838-4: 8 8 8 8 -0008 0008 0008 0008 
12842-1: 8 -NAV
12847-99: 1 2 3 4 5 6 7 8 9 10 11 12 13 14 15 16 17 18 19 20 21 22 23 24 25 26 27 28 29 30 31 32 33 34 35 36 37 38 39 40 41 42 43 44 45 46 47 48 49 50 51 52 53 54 55 56 57 58 59 60 61 62 63 64 65 66 67 68 69 70 -NAV
12853-2: 1 4 100 -NAV
12858-1: 99 98 97 -0099 
12866-1: 8 -NAV
12874-100: 49 32 ... -MAX
12879-90: 1 2 3 4 5 6 7 8 9 10 11 12 13 14 15 16 17 18 19 20 21 22 23 24 25 26 27 28 29 30 31 32 33 34 35 36 37 38 39 40 41 42 43 44 45 46 47 48 49 50 51 52 53 54 55 56 57 58 59 60 61 62 63 64 65 66 67 68 69 70 -NAV
01-CLOSE
02-CLOSE
03-CLOSE
04-CLOSE
05-CLOSE
SERVER CLOSE
